,mri
0,915.0
1,117.0
2,607.0
3,79.0
4,62.0
5,39.0
6,4518.0
7,771.0
8,497.0
9,1321.0
10,590.0
11,21.0
12,786.0
13,4019.0
14,12.0
15,973.0
16,2454.0
17,7.0
18,139.0
19,11.0
20,2036.0
21,496.0
22,123.0
23,54771.0
24,26.0
25,330.0
26,41.0
27,24.0
28,78.0
29,114.0
30,31.0
31,2324.0
32,2778.0
33,216.0
34,83.0
35,36179.0
36,15136.0
37,8934.0
38,44.0
39,295.0
40,414.0
41,649.0
42,430.0
43,140.0
44,74.0
45,58.0
46,381.0
47,391.0
48,99.0
49,280.0
50,5.0
51,1418.0
52,11536.0
53,1774.0
54,361.0
55,1070.0
56,31.0
57,134.0
58,110.0
59,928.0
60,5.0
61,267.0
62,26849.0
63,570.0
64,19.0
65,42.0
66,6933.0
67,1254.0
68,156.0
69,6.0
70,4233.0
71,278.0
72,156.0
73,21.0
74,332.0
75,3.0
76,1075.0
77,210.0
78,99.0
79,40425.0
80,2657.0
81,3574.0
82,2848.0
83,1515.0
84,1962.0
85,6557.0
86,52.0
87,842.0
88,40.0
89,18757.0
90,688.0
91,851.0
92,683.0
93,1073.0
94,11505.0
95,3.0
96,48.0
97,166.0
98,55.0
99,45.0
100,114.0
101,21.0
102,90.0
103,234.0
104,7.0
105,484.0
106,192.0
107,277.0
108,190.0
109,81.0
110,52.0
111,227.0
112,41.0
113,7615.0
114,478.0
115,12.0
116,56.0
117,678.0
118,563.0
119,62.0
120,125.0
121,740.0
122,1346.0
123,89.0
124,480.0
125,69.0
126,790.0
127,240.0
128,386.0
129,2164.0
130,12073.0
131,1540.0
132,5.0
133,231.0
134,8987.0
135,2486.0
136,599.0
137,1516.0
138,2355.0
139,889.0
140,11656.0
141,101.0
142,5.0
143,6.0
144,7.0
145,54.0
146,151.0
147,4919.0
148,177.0
149,445.0
150,50.0
151,86.0
152,1426.0
153,114.0
154,70.0
155,97.0
156,13674.0
157,323.0
158,9630.0
159,300.0
160,410.0
161,78.0
162,2530.0
163,1321.0
164,26.0
165,27.0
166,211.0
167,181.0
168,188.0
169,10.0
170,35.0
171,40.0
172,82.0
173,5138.0
174,77255.0
175,84.0
176,1121.0
177,994.0
178,5505.0
179,36.0
180,594.0
181,443.0
182,24.0
183,501.0
184,4.0
185,116.0
186,915.0
187,273.0
